Top 20 Sort By Count
Count   Total      Mean    Stddev    Min  P50.0  P90.0  P95.0  P99.0    Max    2xx   3xx  4xx  5xx  Request
57846   0.000  0.000000  0.000000  0.000  0.000  0.000  0.000  0.000  0.000  57846     0    0    0  stylesheets
19282   0.000  0.000000  0.000000  0.000  0.000  0.000  0.000  0.000  0.000  19282     0    0    0  images
17511  20.669  0.001180  0.000830  0.000  0.001  0.002  0.002  0.004  0.012  17511     0    0    0  GET / HTTP/1.1
 9641  51.157  0.005306  0.002472  0.002  0.005  0.009  0.010  0.014  0.037      0  9641    0    0  POST /login HTTP/1.1
 1771   4.503  0.002543  0.001239  0.001  0.002  0.004  0.005  0.008  0.013   1771     0    0    0  GET /mypage HTTP/1.1
    1   0.376  0.376000  0.000000  0.376  0.376  0.376  0.376  0.376  0.376      1     0    0    0  GET /report HTTP/1.1

Top 20 Sort By Total
Count   Total      Mean    Stddev    Min  P50.0  P90.0  P95.0  P99.0    Max    2xx   3xx  4xx  5xx  Request
 9641  51.157  0.005306  0.002472  0.002  0.005  0.009  0.010  0.014  0.037      0  9641    0    0  POST /login HTTP/1.1
17511  20.669  0.001180  0.000830  0.000  0.001  0.002  0.002  0.004  0.012  17511     0    0    0  GET / HTTP/1.1
 1771   4.503  0.002543  0.001239  0.001  0.002  0.004  0.005  0.008  0.013   1771     0    0    0  GET /mypage HTTP/1.1
    1   0.376  0.376000  0.000000  0.376  0.376  0.376  0.376  0.376  0.376      1     0    0    0  GET /report HTTP/1.1
57846   0.000  0.000000  0.000000  0.000  0.000  0.000  0.000  0.000  0.000  57846     0    0    0  stylesheets
19282   0.000  0.000000  0.000000  0.000  0.000  0.000  0.000  0.000  0.000  19282     0    0    0  images

Top 20 Sort By Mean
Count   Total      Mean    Stddev    Min  P50.0  P90.0  P95.0  P99.0    Max    2xx   3xx  4xx  5xx  Request
    1   0.376  0.376000  0.000000  0.376  0.376  0.376  0.376  0.376  0.376      1     0    0    0  GET /report HTTP/1.1
 9641  51.157  0.005306  0.002472  0.002  0.005  0.009  0.010  0.014  0.037      0  9641    0    0  POST /login HTTP/1.1
 1771   4.503  0.002543  0.001239  0.001  0.002  0.004  0.005  0.008  0.013   1771     0    0    0  GET /mypage HTTP/1.1
17511  20.669  0.001180  0.000830  0.000  0.001  0.002  0.002  0.004  0.012  17511     0    0    0  GET / HTTP/1.1
57846   0.000  0.000000  0.000000  0.000  0.000  0.000  0.000  0.000  0.000  57846     0    0    0  stylesheets
19282   0.000  0.000000  0.000000  0.000  0.000  0.000  0.000  0.000  0.000  19282     0    0    0  images

Top 20 Sort By Standard Deviation
Count   Total      Mean    Stddev    Min  P50.0  P90.0  P95.0  P99.0    Max    2xx   3xx  4xx  5xx  Request
 9641  51.157  0.005306  0.002472  0.002  0.005  0.009  0.010  0.014  0.037      0  9641    0    0  POST /login HTTP/1.1
 1771   4.503  0.002543  0.001239  0.001  0.002  0.004  0.005  0.008  0.013   1771     0    0    0  GET /mypage HTTP/1.1
17511  20.669  0.001180  0.000830  0.000  0.001  0.002  0.002  0.004  0.012  17511     0    0    0  GET / HTTP/1.1
    1   0.376  0.376000  0.000000  0.376  0.376  0.376  0.376  0.376  0.376      1     0    0    0  GET /report HTTP/1.1
57846   0.000  0.000000  0.000000  0.000  0.000  0.000  0.000  0.000  0.000  57846     0    0    0  stylesheets
19282   0.000  0.000000  0.000000  0.000  0.000  0.000  0.000  0.000  0.000  19282     0    0    0  images

Top 20 Sort By Maximum(100 Percentile)
Count   Total      Mean    Stddev    Min  P50.0  P90.0  P95.0  P99.0    Max    2xx   3xx  4xx  5xx  Request
    1   0.376  0.376000  0.000000  0.376  0.376  0.376  0.376  0.376  0.376      1     0    0    0  GET /report HTTP/1.1
 9641  51.157  0.005306  0.002472  0.002  0.005  0.009  0.010  0.014  0.037      0  9641    0    0  POST /login HTTP/1.1
 1771   4.503  0.002543  0.001239  0.001  0.002  0.004  0.005  0.008  0.013   1771     0    0    0  GET /mypage HTTP/1.1
17511  20.669  0.001180  0.000830  0.000  0.001  0.002  0.002  0.004  0.012  17511     0    0    0  GET / HTTP/1.1
57846   0.000  0.000000  0.000000  0.000  0.000  0.000  0.000  0.000  0.000  57846     0    0    0  stylesheets
19282   0.000  0.000000  0.000000  0.000  0.000  0.000  0.000  0.000  0.000  19282     0    0    0  images

TOP 37 Slow Requests
 1  0.376  GET /report HTTP/1.1
 2  0.037  POST /login HTTP/1.1
 3  0.032  POST /login HTTP/1.1
 4  0.032  POST /login HTTP/1.1
 5  0.030  POST /login HTTP/1.1
 6  0.027  POST /login HTTP/1.1
 7  0.027  POST /login HTTP/1.1
 8  0.023  POST /login HTTP/1.1
 9  0.021  POST /login HTTP/1.1
10  0.020  POST /login HTTP/1.1
11  0.020  POST /login HTTP/1.1
12  0.020  POST /login HTTP/1.1
13  0.020  POST /login HTTP/1.1
14  0.019  POST /login HTTP/1.1
15  0.019  POST /login HTTP/1.1
16  0.019  POST /login HTTP/1.1
17  0.018  POST /login HTTP/1.1
18  0.018  POST /login HTTP/1.1
19  0.018  POST /login HTTP/1.1
20  0.018  POST /login HTTP/1.1
21  0.018  POST /login HTTP/1.1
22  0.018  POST /login HTTP/1.1
23  0.018  POST /login HTTP/1.1
24  0.018  POST /login HTTP/1.1
25  0.018  POST /login HTTP/1.1
26  0.018  POST /login HTTP/1.1
27  0.017  POST /login HTTP/1.1
28  0.017  POST /login HTTP/1.1
29  0.017  POST /login HTTP/1.1
30  0.017  POST /login HTTP/1.1
31  0.017  POST /login HTTP/1.1
32  0.017  POST /login HTTP/1.1
33  0.017  POST /login HTTP/1.1
34  0.017  POST /login HTTP/1.1
35  0.017  POST /login HTTP/1.1
36  0.017  POST /login HTTP/1.1
37  0.017  POST /login HTTP/1.1
