Top 20 Sort By Count
Count   Total       Mean     Stddev     Min   P50.0   P90.0   P95.0   P99.0     Max    2xx   3xx  4xx  5xx  Request
21267   0.000   0.000000   0.000000   0.000   0.000   0.000   0.000   0.000   0.000  21267     0    0    0  stylesheets
 7501   5.574   0.000743   0.000475   0.000   0.001   0.001   0.001   0.002   0.004   7501     0    0    0  GET / HTTP/1.1
 7089   0.000   0.000000   0.000000   0.000   0.000   0.000   0.000   0.000   0.000   7089     0    0    0  images
 4036  13.194   0.003269   0.001110   0.001   0.003   0.004   0.005   0.008   0.035      0  4036    0    0  POST /login HTTP/1.1
  571  16.702   0.029250   0.012457   0.001   0.034   0.036   0.036   0.037   0.051    571     0    0    0  GET /mypage HTTP/1.1
    1  23.409  23.409000   0.000000  23.409  23.409  23.409  23.409  23.409  23.409      1     0    0    0  GET /report HTTP/1.1

Top 20 Sort By Total
Count   Total       Mean     Stddev     Min   P50.0   P90.0   P95.0   P99.0     Max    2xx   3xx  4xx  5xx  Request
    1  23.409  23.409000   0.000000  23.409  23.409  23.409  23.409  23.409  23.409      1     0    0    0  GET /report HTTP/1.1
  571  16.702   0.029250   0.012457   0.001   0.034   0.036   0.036   0.037   0.051    571     0    0    0  GET /mypage HTTP/1.1
 4036  13.194   0.003269   0.001110   0.001   0.003   0.004   0.005   0.008   0.035      0  4036    0    0  POST /login HTTP/1.1
 7501   5.574   0.000743   0.000475   0.000   0.001   0.001   0.001   0.002   0.004   7501     0    0    0  GET / HTTP/1.1
21267   0.000   0.000000   0.000000   0.000   0.000   0.000   0.000   0.000   0.000  21267     0    0    0  stylesheets
 7089   0.000   0.000000   0.000000   0.000   0.000   0.000   0.000   0.000   0.000   7089     0    0    0  images

Top 20 Sort By Mean
Count   Total       Mean     Stddev     Min   P50.0   P90.0   P95.0   P99.0     Max    2xx   3xx  4xx  5xx  Request
    1  23.409  23.409000   0.000000  23.409  23.409  23.409  23.409  23.409  23.409      1     0    0    0  GET /report HTTP/1.1
  571  16.702   0.029250   0.012457   0.001   0.034   0.036   0.036   0.037   0.051    571     0    0    0  GET /mypage HTTP/1.1
 4036  13.194   0.003269   0.001110   0.001   0.003   0.004   0.005   0.008   0.035      0  4036    0    0  POST /login HTTP/1.1
 7501   5.574   0.000743   0.000475   0.000   0.001   0.001   0.001   0.002   0.004   7501     0    0    0  GET / HTTP/1.1
21267   0.000   0.000000   0.000000   0.000   0.000   0.000   0.000   0.000   0.000  21267     0    0    0  stylesheets
 7089   0.000   0.000000   0.000000   0.000   0.000   0.000   0.000   0.000   0.000   7089     0    0    0  images

Top 20 Sort By Standard Deviation
Count   Total       Mean     Stddev     Min   P50.0   P90.0   P95.0   P99.0     Max    2xx   3xx  4xx  5xx  Request
  571  16.702   0.029250   0.012457   0.001   0.034   0.036   0.036   0.037   0.051    571     0    0    0  GET /mypage HTTP/1.1
 4036  13.194   0.003269   0.001110   0.001   0.003   0.004   0.005   0.008   0.035      0  4036    0    0  POST /login HTTP/1.1
 7501   5.574   0.000743   0.000475   0.000   0.001   0.001   0.001   0.002   0.004   7501     0    0    0  GET / HTTP/1.1
    1  23.409  23.409000   0.000000  23.409  23.409  23.409  23.409  23.409  23.409      1     0    0    0  GET /report HTTP/1.1
21267   0.000   0.000000   0.000000   0.000   0.000   0.000   0.000   0.000   0.000  21267     0    0    0  stylesheets
 7089   0.000   0.000000   0.000000   0.000   0.000   0.000   0.000   0.000   0.000   7089     0    0    0  images

Top 20 Sort By Maximum(100 Percentile)
Count   Total       Mean     Stddev     Min   P50.0   P90.0   P95.0   P99.0     Max    2xx   3xx  4xx  5xx  Request
    1  23.409  23.409000   0.000000  23.409  23.409  23.409  23.409  23.409  23.409      1     0    0    0  GET /report HTTP/1.1
  571  16.702   0.029250   0.012457   0.001   0.034   0.036   0.036   0.037   0.051    571     0    0    0  GET /mypage HTTP/1.1
 4036  13.194   0.003269   0.001110   0.001   0.003   0.004   0.005   0.008   0.035      0  4036    0    0  POST /login HTTP/1.1
 7501   5.574   0.000743   0.000475   0.000   0.001   0.001   0.001   0.002   0.004   7501     0    0    0  GET / HTTP/1.1
21267   0.000   0.000000   0.000000   0.000   0.000   0.000   0.000   0.000   0.000  21267     0    0    0  stylesheets
 7089   0.000   0.000000   0.000000   0.000   0.000   0.000   0.000   0.000   0.000   7089     0    0    0  images

TOP 37 Slow Requests
 1  23.409  GET /report HTTP/1.1
 2   0.051  GET /mypage HTTP/1.1
 3   0.048  GET /mypage HTTP/1.1
 4   0.038  GET /mypage HTTP/1.1
 5   0.037  GET /mypage HTTP/1.1
 6   0.037  GET /mypage HTTP/1.1
 7   0.037  GET /mypage HTTP/1.1
 8   0.037  GET /mypage HTTP/1.1
 9   0.037  GET /mypage HTTP/1.1
10   0.037  GET /mypage HTTP/1.1
11   0.037  GET /mypage HTTP/1.1
12   0.037  GET /mypage HTTP/1.1
13   0.037  GET /mypage HTTP/1.1
14   0.037  GET /mypage HTTP/1.1
15   0.037  GET /mypage HTTP/1.1
16   0.037  GET /mypage HTTP/1.1
17   0.037  GET /mypage HTTP/1.1
18   0.036  GET /mypage HTTP/1.1
19   0.036  GET /mypage HTTP/1.1
20   0.036  GET /mypage HTTP/1.1
21   0.036  GET /mypage HTTP/1.1
22   0.036  GET /mypage HTTP/1.1
23   0.036  GET /mypage HTTP/1.1
24   0.036  GET /mypage HTTP/1.1
25   0.036  GET /mypage HTTP/1.1
26   0.036  GET /mypage HTTP/1.1
27   0.036  GET /mypage HTTP/1.1
28   0.036  GET /mypage HTTP/1.1
29   0.036  GET /mypage HTTP/1.1
30   0.036  GET /mypage HTTP/1.1
31   0.036  GET /mypage HTTP/1.1
32   0.036  GET /mypage HTTP/1.1
33   0.036  GET /mypage HTTP/1.1
34   0.036  GET /mypage HTTP/1.1
35   0.036  GET /mypage HTTP/1.1
36   0.036  GET /mypage HTTP/1.1
37   0.036  GET /mypage HTTP/1.1
