Top 20 Sort By Count
Count   Total       Mean     Stddev     Min   P50.0   P90.0   P95.0   P99.0     Max    2xx   3xx  4xx  5xx  Request
21153   0.000   0.000000   0.000000   0.000   0.000   0.000   0.000   0.000   0.000  21153     0    0    0  stylesheets
 7051   0.000   0.000000   0.000000   0.000   0.000   0.000   0.000   0.000   0.000   7051     0    0    0  images
 6492   5.203   0.000801   0.000455   0.000   0.001   0.001   0.001   0.002   0.004   6492     0    0    0  GET / HTTP/1.1
 3560  12.233   0.003436   0.001391   0.002   0.003   0.004   0.005   0.008   0.063      0  3560    0    0  POST /login HTTP/1.1
  628  17.926   0.028545   0.010861   0.001   0.033   0.034   0.034   0.035   0.051    628     0    0    0  GET /mypage HTTP/1.1
    1  23.162  23.162000   0.000000  23.162  23.162  23.162  23.162  23.162  23.162      1     0    0    0  GET /report HTTP/1.1

Top 20 Sort By Total
Count   Total       Mean     Stddev     Min   P50.0   P90.0   P95.0   P99.0     Max    2xx   3xx  4xx  5xx  Request
    1  23.162  23.162000   0.000000  23.162  23.162  23.162  23.162  23.162  23.162      1     0    0    0  GET /report HTTP/1.1
  628  17.926   0.028545   0.010861   0.001   0.033   0.034   0.034   0.035   0.051    628     0    0    0  GET /mypage HTTP/1.1
 3560  12.233   0.003436   0.001391   0.002   0.003   0.004   0.005   0.008   0.063      0  3560    0    0  POST /login HTTP/1.1
 6492   5.203   0.000801   0.000455   0.000   0.001   0.001   0.001   0.002   0.004   6492     0    0    0  GET / HTTP/1.1
21153   0.000   0.000000   0.000000   0.000   0.000   0.000   0.000   0.000   0.000  21153     0    0    0  stylesheets
 7051   0.000   0.000000   0.000000   0.000   0.000   0.000   0.000   0.000   0.000   7051     0    0    0  images

Top 20 Sort By Mean
Count   Total       Mean     Stddev     Min   P50.0   P90.0   P95.0   P99.0     Max    2xx   3xx  4xx  5xx  Request
    1  23.162  23.162000   0.000000  23.162  23.162  23.162  23.162  23.162  23.162      1     0    0    0  GET /report HTTP/1.1
  628  17.926   0.028545   0.010861   0.001   0.033   0.034   0.034   0.035   0.051    628     0    0    0  GET /mypage HTTP/1.1
 3560  12.233   0.003436   0.001391   0.002   0.003   0.004   0.005   0.008   0.063      0  3560    0    0  POST /login HTTP/1.1
 6492   5.203   0.000801   0.000455   0.000   0.001   0.001   0.001   0.002   0.004   6492     0    0    0  GET / HTTP/1.1
21153   0.000   0.000000   0.000000   0.000   0.000   0.000   0.000   0.000   0.000  21153     0    0    0  stylesheets
 7051   0.000   0.000000   0.000000   0.000   0.000   0.000   0.000   0.000   0.000   7051     0    0    0  images

Top 20 Sort By Standard Deviation
Count   Total       Mean     Stddev     Min   P50.0   P90.0   P95.0   P99.0     Max    2xx   3xx  4xx  5xx  Request
  628  17.926   0.028545   0.010861   0.001   0.033   0.034   0.034   0.035   0.051    628     0    0    0  GET /mypage HTTP/1.1
 3560  12.233   0.003436   0.001391   0.002   0.003   0.004   0.005   0.008   0.063      0  3560    0    0  POST /login HTTP/1.1
 6492   5.203   0.000801   0.000455   0.000   0.001   0.001   0.001   0.002   0.004   6492     0    0    0  GET / HTTP/1.1
    1  23.162  23.162000   0.000000  23.162  23.162  23.162  23.162  23.162  23.162      1     0    0    0  GET /report HTTP/1.1
21153   0.000   0.000000   0.000000   0.000   0.000   0.000   0.000   0.000   0.000  21153     0    0    0  stylesheets
 7051   0.000   0.000000   0.000000   0.000   0.000   0.000   0.000   0.000   0.000   7051     0    0    0  images

Top 20 Sort By Maximum(100 Percentile)
Count   Total       Mean     Stddev     Min   P50.0   P90.0   P95.0   P99.0     Max    2xx   3xx  4xx  5xx  Request
    1  23.162  23.162000   0.000000  23.162  23.162  23.162  23.162  23.162  23.162      1     0    0    0  GET /report HTTP/1.1
 3560  12.233   0.003436   0.001391   0.002   0.003   0.004   0.005   0.008   0.063      0  3560    0    0  POST /login HTTP/1.1
  628  17.926   0.028545   0.010861   0.001   0.033   0.034   0.034   0.035   0.051    628     0    0    0  GET /mypage HTTP/1.1
 6492   5.203   0.000801   0.000455   0.000   0.001   0.001   0.001   0.002   0.004   6492     0    0    0  GET / HTTP/1.1
21153   0.000   0.000000   0.000000   0.000   0.000   0.000   0.000   0.000   0.000  21153     0    0    0  stylesheets
 7051   0.000   0.000000   0.000000   0.000   0.000   0.000   0.000   0.000   0.000   7051     0    0    0  images

TOP 37 Slow Requests
 1  23.162  GET /report HTTP/1.1
 2   0.063  POST /login HTTP/1.1
 3   0.051  GET /mypage HTTP/1.1
 4   0.036  GET /mypage HTTP/1.1
 5   0.036  GET /mypage HTTP/1.1
 6   0.036  GET /mypage HTTP/1.1
 7   0.035  GET /mypage HTTP/1.1
 8   0.035  GET /mypage HTTP/1.1
 9   0.035  GET /mypage HTTP/1.1
10   0.035  GET /mypage HTTP/1.1
11   0.035  GET /mypage HTTP/1.1
12   0.035  GET /mypage HTTP/1.1
13   0.035  GET /mypage HTTP/1.1
14   0.035  GET /mypage HTTP/1.1
15   0.035  GET /mypage HTTP/1.1
16   0.035  GET /mypage HTTP/1.1
17   0.035  GET /mypage HTTP/1.1
18   0.035  GET /mypage HTTP/1.1
19   0.035  GET /mypage HTTP/1.1
20   0.035  GET /mypage HTTP/1.1
21   0.035  GET /mypage HTTP/1.1
22   0.035  GET /mypage HTTP/1.1
23   0.035  GET /mypage HTTP/1.1
24   0.035  GET /mypage HTTP/1.1
25   0.035  GET /mypage HTTP/1.1
26   0.035  GET /mypage HTTP/1.1
27   0.035  GET /mypage HTTP/1.1
28   0.035  GET /mypage HTTP/1.1
29   0.035  GET /mypage HTTP/1.1
30   0.035  GET /mypage HTTP/1.1
31   0.035  GET /mypage HTTP/1.1
32   0.034  GET /mypage HTTP/1.1
33   0.034  GET /mypage HTTP/1.1
34   0.034  GET /mypage HTTP/1.1
35   0.034  GET /mypage HTTP/1.1
36   0.034  GET /mypage HTTP/1.1
37   0.034  GET /mypage HTTP/1.1
