Top 20 Sort By Count
Count   Total       Mean     Stddev     Min   P50.0   P90.0   P95.0   P99.0     Max    2xx   3xx  4xx  5xx  Request
58194   0.000   0.000000   0.000000   0.000   0.000   0.000   0.000   0.000   0.000  58194     0    0    0  stylesheets
19398   0.000   0.000000   0.000000   0.000   0.000   0.000   0.000   0.000   0.000  19398     0    0    0  images
17606  20.699   0.001176   0.000763   0.000   0.001   0.002   0.002   0.004   0.012  17606     0    0    0  GET / HTTP/1.1
 9699  50.667   0.005224   0.002376   0.001   0.004   0.008   0.010   0.013   0.034      0  9699    0    0  POST /login HTTP/1.1
 1792   4.395   0.002453   0.001071   0.001   0.002   0.004   0.004   0.007   0.013   1792     0    0    0  GET /mypage HTTP/1.1
    1  38.223  38.223000   0.000000  38.223  38.223  38.223  38.223  38.223  38.223      1     0    0    0  GET /report HTTP/1.1

Top 20 Sort By Total
Count   Total       Mean     Stddev     Min   P50.0   P90.0   P95.0   P99.0     Max    2xx   3xx  4xx  5xx  Request
 9699  50.667   0.005224   0.002376   0.001   0.004   0.008   0.010   0.013   0.034      0  9699    0    0  POST /login HTTP/1.1
    1  38.223  38.223000   0.000000  38.223  38.223  38.223  38.223  38.223  38.223      1     0    0    0  GET /report HTTP/1.1
17606  20.699   0.001176   0.000763   0.000   0.001   0.002   0.002   0.004   0.012  17606     0    0    0  GET / HTTP/1.1
 1792   4.395   0.002453   0.001071   0.001   0.002   0.004   0.004   0.007   0.013   1792     0    0    0  GET /mypage HTTP/1.1
58194   0.000   0.000000   0.000000   0.000   0.000   0.000   0.000   0.000   0.000  58194     0    0    0  stylesheets
19398   0.000   0.000000   0.000000   0.000   0.000   0.000   0.000   0.000   0.000  19398     0    0    0  images

Top 20 Sort By Mean
Count   Total       Mean     Stddev     Min   P50.0   P90.0   P95.0   P99.0     Max    2xx   3xx  4xx  5xx  Request
    1  38.223  38.223000   0.000000  38.223  38.223  38.223  38.223  38.223  38.223      1     0    0    0  GET /report HTTP/1.1
 9699  50.667   0.005224   0.002376   0.001   0.004   0.008   0.010   0.013   0.034      0  9699    0    0  POST /login HTTP/1.1
 1792   4.395   0.002453   0.001071   0.001   0.002   0.004   0.004   0.007   0.013   1792     0    0    0  GET /mypage HTTP/1.1
17606  20.699   0.001176   0.000763   0.000   0.001   0.002   0.002   0.004   0.012  17606     0    0    0  GET / HTTP/1.1
58194   0.000   0.000000   0.000000   0.000   0.000   0.000   0.000   0.000   0.000  58194     0    0    0  stylesheets
19398   0.000   0.000000   0.000000   0.000   0.000   0.000   0.000   0.000   0.000  19398     0    0    0  images

Top 20 Sort By Standard Deviation
Count   Total       Mean     Stddev     Min   P50.0   P90.0   P95.0   P99.0     Max    2xx   3xx  4xx  5xx  Request
 9699  50.667   0.005224   0.002376   0.001   0.004   0.008   0.010   0.013   0.034      0  9699    0    0  POST /login HTTP/1.1
 1792   4.395   0.002453   0.001071   0.001   0.002   0.004   0.004   0.007   0.013   1792     0    0    0  GET /mypage HTTP/1.1
17606  20.699   0.001176   0.000763   0.000   0.001   0.002   0.002   0.004   0.012  17606     0    0    0  GET / HTTP/1.1
    1  38.223  38.223000   0.000000  38.223  38.223  38.223  38.223  38.223  38.223      1     0    0    0  GET /report HTTP/1.1
58194   0.000   0.000000   0.000000   0.000   0.000   0.000   0.000   0.000   0.000  58194     0    0    0  stylesheets
19398   0.000   0.000000   0.000000   0.000   0.000   0.000   0.000   0.000   0.000  19398     0    0    0  images

Top 20 Sort By Maximum(100 Percentile)
Count   Total       Mean     Stddev     Min   P50.0   P90.0   P95.0   P99.0     Max    2xx   3xx  4xx  5xx  Request
    1  38.223  38.223000   0.000000  38.223  38.223  38.223  38.223  38.223  38.223      1     0    0    0  GET /report HTTP/1.1
 9699  50.667   0.005224   0.002376   0.001   0.004   0.008   0.010   0.013   0.034      0  9699    0    0  POST /login HTTP/1.1
 1792   4.395   0.002453   0.001071   0.001   0.002   0.004   0.004   0.007   0.013   1792     0    0    0  GET /mypage HTTP/1.1
17606  20.699   0.001176   0.000763   0.000   0.001   0.002   0.002   0.004   0.012  17606     0    0    0  GET / HTTP/1.1
58194   0.000   0.000000   0.000000   0.000   0.000   0.000   0.000   0.000   0.000  58194     0    0    0  stylesheets
19398   0.000   0.000000   0.000000   0.000   0.000   0.000   0.000   0.000   0.000  19398     0    0    0  images

TOP 37 Slow Requests
 1  38.223  GET /report HTTP/1.1
 2   0.034  POST /login HTTP/1.1
 3   0.033  POST /login HTTP/1.1
 4   0.026  POST /login HTTP/1.1
 5   0.023  POST /login HTTP/1.1
 6   0.023  POST /login HTTP/1.1
 7   0.022  POST /login HTTP/1.1
 8   0.021  POST /login HTTP/1.1
 9   0.021  POST /login HTTP/1.1
10   0.021  POST /login HTTP/1.1
11   0.021  POST /login HTTP/1.1
12   0.021  POST /login HTTP/1.1
13   0.020  POST /login HTTP/1.1
14   0.020  POST /login HTTP/1.1
15   0.020  POST /login HTTP/1.1
16   0.019  POST /login HTTP/1.1
17   0.019  POST /login HTTP/1.1
18   0.019  POST /login HTTP/1.1
19   0.019  POST /login HTTP/1.1
20   0.019  POST /login HTTP/1.1
21   0.018  POST /login HTTP/1.1
22   0.018  POST /login HTTP/1.1
23   0.018  POST /login HTTP/1.1
24   0.017  POST /login HTTP/1.1
25   0.017  POST /login HTTP/1.1
26   0.017  POST /login HTTP/1.1
27   0.017  POST /login HTTP/1.1
28   0.017  POST /login HTTP/1.1
29   0.016  POST /login HTTP/1.1
30   0.016  POST /login HTTP/1.1
31   0.016  POST /login HTTP/1.1
32   0.016  POST /login HTTP/1.1
33   0.016  POST /login HTTP/1.1
34   0.016  POST /login HTTP/1.1
35   0.016  POST /login HTTP/1.1
36   0.016  POST /login HTTP/1.1
37   0.016  POST /login HTTP/1.1
