Top 20 Sort By Count
Count   Total       Mean     Stddev     Min   P50.0   P90.0   P95.0   P99.0     Max    2xx    3xx  4xx  5xx  Request
57555   0.000   0.000000   0.000000   0.000   0.000   0.000   0.000   0.000   0.000  57555      0    0    0  stylesheets
19185   0.000   0.000000   0.000000   0.000   0.000   0.000   0.000   0.000   0.000  19185      0    0    0  images
18608  21.653   0.001164   0.000758   0.000   0.001   0.002   0.002   0.004   0.009  18608      0    0    0  GET / HTTP/1.1
10134  52.137   0.005145   0.002189   0.001   0.004   0.008   0.010   0.013   0.019      0  10134    0    0  POST /login HTTP/1.1
 1660   4.037   0.002432   0.001006   0.001   0.002   0.004   0.004   0.006   0.014   1660      0    0    0  GET /mypage HTTP/1.1
    1  39.598  39.598000   0.000000  39.598  39.598  39.598  39.598  39.598  39.598      1      0    0    0  GET /report HTTP/1.1

Top 20 Sort By Total
Count   Total       Mean     Stddev     Min   P50.0   P90.0   P95.0   P99.0     Max    2xx    3xx  4xx  5xx  Request
10134  52.137   0.005145   0.002189   0.001   0.004   0.008   0.010   0.013   0.019      0  10134    0    0  POST /login HTTP/1.1
    1  39.598  39.598000   0.000000  39.598  39.598  39.598  39.598  39.598  39.598      1      0    0    0  GET /report HTTP/1.1
18608  21.653   0.001164   0.000758   0.000   0.001   0.002   0.002   0.004   0.009  18608      0    0    0  GET / HTTP/1.1
 1660   4.037   0.002432   0.001006   0.001   0.002   0.004   0.004   0.006   0.014   1660      0    0    0  GET /mypage HTTP/1.1
57555   0.000   0.000000   0.000000   0.000   0.000   0.000   0.000   0.000   0.000  57555      0    0    0  stylesheets
19185   0.000   0.000000   0.000000   0.000   0.000   0.000   0.000   0.000   0.000  19185      0    0    0  images

Top 20 Sort By Mean
Count   Total       Mean     Stddev     Min   P50.0   P90.0   P95.0   P99.0     Max    2xx    3xx  4xx  5xx  Request
    1  39.598  39.598000   0.000000  39.598  39.598  39.598  39.598  39.598  39.598      1      0    0    0  GET /report HTTP/1.1
10134  52.137   0.005145   0.002189   0.001   0.004   0.008   0.010   0.013   0.019      0  10134    0    0  POST /login HTTP/1.1
 1660   4.037   0.002432   0.001006   0.001   0.002   0.004   0.004   0.006   0.014   1660      0    0    0  GET /mypage HTTP/1.1
18608  21.653   0.001164   0.000758   0.000   0.001   0.002   0.002   0.004   0.009  18608      0    0    0  GET / HTTP/1.1
57555   0.000   0.000000   0.000000   0.000   0.000   0.000   0.000   0.000   0.000  57555      0    0    0  stylesheets
19185   0.000   0.000000   0.000000   0.000   0.000   0.000   0.000   0.000   0.000  19185      0    0    0  images

Top 20 Sort By Standard Deviation
Count   Total       Mean     Stddev     Min   P50.0   P90.0   P95.0   P99.0     Max    2xx    3xx  4xx  5xx  Request
10134  52.137   0.005145   0.002189   0.001   0.004   0.008   0.010   0.013   0.019      0  10134    0    0  POST /login HTTP/1.1
 1660   4.037   0.002432   0.001006   0.001   0.002   0.004   0.004   0.006   0.014   1660      0    0    0  GET /mypage HTTP/1.1
18608  21.653   0.001164   0.000758   0.000   0.001   0.002   0.002   0.004   0.009  18608      0    0    0  GET / HTTP/1.1
    1  39.598  39.598000   0.000000  39.598  39.598  39.598  39.598  39.598  39.598      1      0    0    0  GET /report HTTP/1.1
57555   0.000   0.000000   0.000000   0.000   0.000   0.000   0.000   0.000   0.000  57555      0    0    0  stylesheets
19185   0.000   0.000000   0.000000   0.000   0.000   0.000   0.000   0.000   0.000  19185      0    0    0  images

Top 20 Sort By Maximum(100 Percentile)
Count   Total       Mean     Stddev     Min   P50.0   P90.0   P95.0   P99.0     Max    2xx    3xx  4xx  5xx  Request
    1  39.598  39.598000   0.000000  39.598  39.598  39.598  39.598  39.598  39.598      1      0    0    0  GET /report HTTP/1.1
10134  52.137   0.005145   0.002189   0.001   0.004   0.008   0.010   0.013   0.019      0  10134    0    0  POST /login HTTP/1.1
 1660   4.037   0.002432   0.001006   0.001   0.002   0.004   0.004   0.006   0.014   1660      0    0    0  GET /mypage HTTP/1.1
18608  21.653   0.001164   0.000758   0.000   0.001   0.002   0.002   0.004   0.009  18608      0    0    0  GET / HTTP/1.1
57555   0.000   0.000000   0.000000   0.000   0.000   0.000   0.000   0.000   0.000  57555      0    0    0  stylesheets
19185   0.000   0.000000   0.000000   0.000   0.000   0.000   0.000   0.000   0.000  19185      0    0    0  images

TOP 37 Slow Requests
 1  39.598  GET /report HTTP/1.1
 2   0.019  POST /login HTTP/1.1
 3   0.018  POST /login HTTP/1.1
 4   0.018  POST /login HTTP/1.1
 5   0.017  POST /login HTTP/1.1
 6   0.017  POST /login HTTP/1.1
 7   0.017  POST /login HTTP/1.1
 8   0.017  POST /login HTTP/1.1
 9   0.016  POST /login HTTP/1.1
10   0.016  POST /login HTTP/1.1
11   0.016  POST /login HTTP/1.1
12   0.016  POST /login HTTP/1.1
13   0.016  POST /login HTTP/1.1
14   0.016  POST /login HTTP/1.1
15   0.016  POST /login HTTP/1.1
16   0.016  POST /login HTTP/1.1
17   0.016  POST /login HTTP/1.1
18   0.016  POST /login HTTP/1.1
19   0.016  POST /login HTTP/1.1
20   0.015  POST /login HTTP/1.1
21   0.015  POST /login HTTP/1.1
22   0.015  POST /login HTTP/1.1
23   0.015  POST /login HTTP/1.1
24   0.015  POST /login HTTP/1.1
25   0.015  POST /login HTTP/1.1
26   0.015  POST /login HTTP/1.1
27   0.015  POST /login HTTP/1.1
28   0.015  POST /login HTTP/1.1
29   0.015  POST /login HTTP/1.1
30   0.015  POST /login HTTP/1.1
31   0.015  POST /login HTTP/1.1
32   0.015  POST /login HTTP/1.1
33   0.015  POST /login HTTP/1.1
34   0.015  POST /login HTTP/1.1
35   0.015  POST /login HTTP/1.1
36   0.015  POST /login HTTP/1.1
37   0.014  POST /login HTTP/1.1
