Top 20 Sort By Count
Count   Total       Mean     Stddev     Min   P50.0   P90.0   P95.0   P99.0     Max   2xx   3xx  4xx  5xx  Request
 7098   0.000   0.000000   0.000000   0.000   0.000   0.000   0.000   0.000   0.000  7098     0    0    0  stylesheets
 2366   0.000   0.000000   0.000000   0.000   0.000   0.000   0.000   0.000   0.000  2366     0    0    0  images
 2157   1.774   0.000822   0.000427   0.000   0.001   0.001   0.001   0.002   0.003  2157     0    0    0  GET / HTTP/1.1
 1183  44.933   0.037982   0.020401   0.003   0.049   0.052   0.053   0.055   0.082     0  1183    0    0  POST /login HTTP/1.1
  209   5.191   0.024837   0.012395   0.001   0.031   0.033   0.033   0.034   0.035   209     0    0    0  GET /mypage HTTP/1.1
    1  20.540  20.540000   0.000000  20.540  20.540  20.540  20.540  20.540  20.540     1     0    0    0  GET /report HTTP/1.1

Top 20 Sort By Total
Count   Total       Mean     Stddev     Min   P50.0   P90.0   P95.0   P99.0     Max   2xx   3xx  4xx  5xx  Request
 1183  44.933   0.037982   0.020401   0.003   0.049   0.052   0.053   0.055   0.082     0  1183    0    0  POST /login HTTP/1.1
    1  20.540  20.540000   0.000000  20.540  20.540  20.540  20.540  20.540  20.540     1     0    0    0  GET /report HTTP/1.1
  209   5.191   0.024837   0.012395   0.001   0.031   0.033   0.033   0.034   0.035   209     0    0    0  GET /mypage HTTP/1.1
 2157   1.774   0.000822   0.000427   0.000   0.001   0.001   0.001   0.002   0.003  2157     0    0    0  GET / HTTP/1.1
 7098   0.000   0.000000   0.000000   0.000   0.000   0.000   0.000   0.000   0.000  7098     0    0    0  stylesheets
 2366   0.000   0.000000   0.000000   0.000   0.000   0.000   0.000   0.000   0.000  2366     0    0    0  images

Top 20 Sort By Mean
Count   Total       Mean     Stddev     Min   P50.0   P90.0   P95.0   P99.0     Max   2xx   3xx  4xx  5xx  Request
    1  20.540  20.540000   0.000000  20.540  20.540  20.540  20.540  20.540  20.540     1     0    0    0  GET /report HTTP/1.1
 1183  44.933   0.037982   0.020401   0.003   0.049   0.052   0.053   0.055   0.082     0  1183    0    0  POST /login HTTP/1.1
  209   5.191   0.024837   0.012395   0.001   0.031   0.033   0.033   0.034   0.035   209     0    0    0  GET /mypage HTTP/1.1
 2157   1.774   0.000822   0.000427   0.000   0.001   0.001   0.001   0.002   0.003  2157     0    0    0  GET / HTTP/1.1
 7098   0.000   0.000000   0.000000   0.000   0.000   0.000   0.000   0.000   0.000  7098     0    0    0  stylesheets
 2366   0.000   0.000000   0.000000   0.000   0.000   0.000   0.000   0.000   0.000  2366     0    0    0  images

Top 20 Sort By Standard Deviation
Count   Total       Mean     Stddev     Min   P50.0   P90.0   P95.0   P99.0     Max   2xx   3xx  4xx  5xx  Request
 1183  44.933   0.037982   0.020401   0.003   0.049   0.052   0.053   0.055   0.082     0  1183    0    0  POST /login HTTP/1.1
  209   5.191   0.024837   0.012395   0.001   0.031   0.033   0.033   0.034   0.035   209     0    0    0  GET /mypage HTTP/1.1
 2157   1.774   0.000822   0.000427   0.000   0.001   0.001   0.001   0.002   0.003  2157     0    0    0  GET / HTTP/1.1
    1  20.540  20.540000   0.000000  20.540  20.540  20.540  20.540  20.540  20.540     1     0    0    0  GET /report HTTP/1.1
 7098   0.000   0.000000   0.000000   0.000   0.000   0.000   0.000   0.000   0.000  7098     0    0    0  stylesheets
 2366   0.000   0.000000   0.000000   0.000   0.000   0.000   0.000   0.000   0.000  2366     0    0    0  images

Top 20 Sort By Maximum(100 Percentile)
Count   Total       Mean     Stddev     Min   P50.0   P90.0   P95.0   P99.0     Max   2xx   3xx  4xx  5xx  Request
    1  20.540  20.540000   0.000000  20.540  20.540  20.540  20.540  20.540  20.540     1     0    0    0  GET /report HTTP/1.1
 1183  44.933   0.037982   0.020401   0.003   0.049   0.052   0.053   0.055   0.082     0  1183    0    0  POST /login HTTP/1.1
  209   5.191   0.024837   0.012395   0.001   0.031   0.033   0.033   0.034   0.035   209     0    0    0  GET /mypage HTTP/1.1
 2157   1.774   0.000822   0.000427   0.000   0.001   0.001   0.001   0.002   0.003  2157     0    0    0  GET / HTTP/1.1
 7098   0.000   0.000000   0.000000   0.000   0.000   0.000   0.000   0.000   0.000  7098     0    0    0  stylesheets
 2366   0.000   0.000000   0.000000   0.000   0.000   0.000   0.000   0.000   0.000  2366     0    0    0  images

TOP 37 Slow Requests
 1  20.540  GET /report HTTP/1.1
 2   0.082  POST /login HTTP/1.1
 3   0.077  POST /login HTTP/1.1
 4   0.074  POST /login HTTP/1.1
 5   0.072  POST /login HTTP/1.1
 6   0.056  POST /login HTTP/1.1
 7   0.056  POST /login HTTP/1.1
 8   0.056  POST /login HTTP/1.1
 9   0.055  POST /login HTTP/1.1
10   0.055  POST /login HTTP/1.1
11   0.055  POST /login HTTP/1.1
12   0.055  POST /login HTTP/1.1
13   0.055  POST /login HTTP/1.1
14   0.055  POST /login HTTP/1.1
15   0.055  POST /login HTTP/1.1
16   0.055  POST /login HTTP/1.1
17   0.055  POST /login HTTP/1.1
18   0.055  POST /login HTTP/1.1
19   0.055  POST /login HTTP/1.1
20   0.055  POST /login HTTP/1.1
21   0.055  POST /login HTTP/1.1
22   0.055  POST /login HTTP/1.1
23   0.055  POST /login HTTP/1.1
24   0.055  POST /login HTTP/1.1
25   0.055  POST /login HTTP/1.1
26   0.055  POST /login HTTP/1.1
27   0.055  POST /login HTTP/1.1
28   0.054  POST /login HTTP/1.1
29   0.054  POST /login HTTP/1.1
30   0.054  POST /login HTTP/1.1
31   0.054  POST /login HTTP/1.1
32   0.054  POST /login HTTP/1.1
33   0.054  POST /login HTTP/1.1
34   0.054  POST /login HTTP/1.1
35   0.054  POST /login HTTP/1.1
36   0.054  POST /login HTTP/1.1
37   0.054  POST /login HTTP/1.1
